# <# cells>  <# nets>, cell id starts from 0
10 40
0 1 2 3 4 5 6 7 8 9
0 1 2 3 4 5 7 9
1 2 3 4 5 6 7 8 9
1 2 3 4 6 7 8 9
0 3 5 
2 4 6 8 
0 2 3 4 5 7 8 9
2 9
0 1 2 4 5 8 9
1 5 6 7 9
3 7 
0 1 2 3 5 6 7 8 9
4 5 9
0 1 4 5 6 7 
7 9
5 7 8 
0 1 2 5 8 
0 1 2 3 4 5 6 7 8 
1 2 4 
0 1 2 4 5 6 7 8 9
0 1 5 7 8 
1 2 5 7 
0 4 7 8 9
0 1 2 3 4 5 6 
0 1 3 4 8 9
0 1 2 3 4 5 6 7 8 9
0 1 2 3 4 6 7 8 9
6 8 
1 6 8 
0 4 6 7 8 9
3 6 7 
2 6 8 
0 3 5 
0 1 3 4 5 7 8 9
0 1 2 3 5 6 7 8 9
0 1 2 4 7 9
0 7 9
1 2 3 5 6 
1 2 5 6 7 8 9
0 1 2 3 5 8 9
